The numbers in this output have been limited to 6 decimal places.
    The numbers in the corresponding full-isos_pac.csv file have not.
    Rotational constants are in MHz.
    Dipole moments are in the same units provided in the raw input.

# =========== #
#  Raw Input  #
# =========== #
Oxazole input

Coordinates
O    0.00000000  0.00000000  0.00000000
C    1.35424578  0.00000000  0.00000000
C   -0.32657683  1.33035111  0.00000000
N    1.90694798  1.16784705  0.00000000
C    0.82121164  2.04556689  0.00000000
H    1.83672050 -0.96149538  0.00000000
H   -1.37247440  1.57285306 -0.00000000
H    0.95309326  3.11261525 -0.00000000

Dipole
1.36 0.63 0.0

Isotopologues
16 12 12 14 12 1 1 1 iso001
16 13 12 14 12 1 1 1 iso002
16 12 12 14 13 1 1 1 iso003
16 12 13 14 12 1 1 1 iso004
16 12 12 15 12 1 1 1 iso005
18 12 12 14 12 1 1 1 iso006
16 12 12 14 12 2 1 1 iso007
16 12 12 14 12 1 1 2 iso008
16 12 12 14 12 1 2 1 iso009
16 13 12 14 12 2 1 1 iso010
16 12 12 14 13 2 1 1 iso011
16 12 13 14 12 2 1 1 iso012
16 12 12 15 12 2 1 1 iso013
18 12 12 14 12 2 1 1 iso014
16 12 12 14 12 2 2 1 iso015
16 13 12 14 12 2 2 1 iso016
16 12 12 14 13 2 2 1 iso017
16 12 13 14 12 2 2 1 iso018
16 12 12 15 12 2 2 1 iso019
18 12 12 14 12 2 2 1 iso020
16 12 12 14 12 2 1 2 iso021
16 12 12 14 12 1 2 2 iso022
16 12 12 14 12 2 2 2 iso023
16 13 12 14 12 1 2 1 iso024
16 12 12 14 13 1 2 1 iso025
16 12 13 14 12 1 2 1 iso026
16 12 12 15 12 1 2 1 iso027
18 12 12 14 12 1 2 1 iso028
16 13 12 14 12 2 2 2 iso029
16 12 12 14 13 2 2 2 iso030
16 12 13 14 12 2 2 2 iso031
16 12 12 15 12 2 2 2 iso032
18 12 12 14 12 2 2 2 iso033

# =============== #
#  Atomic Masses  #
# =============== #
          iso001     iso002     iso003     iso004     iso005     iso006     iso007     iso008     iso009     iso010     iso011     iso012     iso013     iso014     iso015     iso016     iso017     iso018     iso019     iso020     iso021     iso022     iso023     iso024     iso025     iso026     iso027     iso028     iso029     iso030     iso031     iso032     iso033
Atom                                                                                                                                                                                                                                                                                                                                                                            
O      15.994915  15.994915  15.994915  15.994915  15.994915  17.999160  15.994915  15.994915  15.994915  15.994915  15.994915  15.994915  15.994915  17.999160  15.994915  15.994915  15.994915  15.994915  15.994915  17.999160  15.994915  15.994915  15.994915  15.994915  15.994915  15.994915  15.994915  17.999160  15.994915  15.994915  15.994915  15.994915  17.999160
C      12.000000  13.003355  12.000000  12.000000  12.000000  12.000000  12.000000  12.000000  12.000000  13.003355  12.000000  12.000000  12.000000  12.000000  12.000000  13.003355  12.000000  12.000000  12.000000  12.000000  12.000000  12.000000  12.000000  13.003355  12.000000  12.000000  12.000000  12.000000  13.003355  12.000000  12.000000  12.000000  12.000000
C      12.000000  12.000000  12.000000  13.003355  12.000000  12.000000  12.000000  12.000000  12.000000  12.000000  12.000000  13.003355  12.000000  12.000000  12.000000  12.000000  12.000000  13.003355  12.000000  12.000000  12.000000  12.000000  12.000000  12.000000  12.000000  13.003355  12.000000  12.000000  12.000000  12.000000  13.003355  12.000000  12.000000
N      14.003074  14.003074  14.003074  14.003074  15.000109  14.003074  14.003074  14.003074  14.003074  14.003074  14.003074  14.003074  15.000109  14.003074  14.003074  14.003074  14.003074  14.003074  15.000109  14.003074  14.003074  14.003074  14.003074  14.003074  14.003074  14.003074  15.000109  14.003074  14.003074  14.003074  14.003074  15.000109  14.003074
C      12.000000  12.000000  13.003355  12.000000  12.000000  12.000000  12.000000  12.000000  12.000000  12.000000  13.003355  12.000000  12.000000  12.000000  12.000000  12.000000  13.003355  12.000000  12.000000  12.000000  12.000000  12.000000  12.000000  12.000000  13.003355  12.000000  12.000000  12.000000  12.000000  13.003355  12.000000  12.000000  12.000000
H       1.007825   1.007825   1.007825   1.007825   1.007825   1.007825   2.014102   1.007825   1.007825   2.014102   2.014102   2.014102   2.014102   2.014102   2.014102   2.014102   2.014102   2.014102   2.014102   2.014102   2.014102   1.007825   2.014102   1.007825   1.007825   1.007825   1.007825   1.007825   2.014102   2.014102   2.014102   2.014102   2.014102
H       1.007825   1.007825   1.007825   1.007825   1.007825   1.007825   1.007825   1.007825   2.014102   1.007825   1.007825   1.007825   1.007825   1.007825   2.014102   2.014102   2.014102   2.014102   2.014102   2.014102   1.007825   2.014102   2.014102   2.014102   2.014102   2.014102   2.014102   2.014102   2.014102   2.014102   2.014102   2.014102   2.014102
H       1.007825   1.007825   1.007825   1.007825   1.007825   1.007825   1.007825   2.014102   1.007825   1.007825   1.007825   1.007825   1.007825   1.007825   1.007825   1.007825   1.007825   1.007825   1.007825   1.007825   2.014102   2.014102   2.014102   1.007825   1.007825   1.007825   1.007825   1.007825   2.014102   2.014102   2.014102   2.014102   2.014102
--------------------------------------------------------------------------------------------------------------------------------------------------------------------------------------------------------------------------------------------------------------------------------------------------------------------------------------------------------------------------------
Total  69.021464  70.024819  70.024819  70.024819  70.018499  71.025709  70.027740  70.027740  70.027740  71.031095  71.031095  71.031095  71.024775  72.031985  71.034017  72.037372  72.037372  72.037372  72.031052  73.038262  71.034017  71.034017  72.040294  71.031095  71.031095  71.031095  71.024775  72.031985  73.043649  73.043649  73.043649  73.037329  74.044539

# ============ #
#  COM Values  #
# ============ #
     iso001    iso002    iso003    iso004    iso005    iso006    iso007    iso008    iso009    iso010    iso011    iso012    iso013    iso014    iso015    iso016    iso017    iso018    iso019    iso020    iso021    iso022    iso023    iso024    iso025    iso026    iso027    iso028    iso029    iso030    iso031    iso032    iso033
x  0.729021  0.737980  0.730342  0.713896  0.745795  0.708450  0.744939  0.732241  0.698824  0.753546  0.746016  0.729803  0.761251  0.724211  0.714943  0.723848  0.716423  0.700437  0.731443  0.695324  0.747888  0.702426  0.718270  0.708082  0.700552  0.684339  0.715783  0.679379  0.727006  0.719684  0.703917  0.734496  0.698828
y  0.878242  0.865658  0.894969  0.884720  0.882366  0.853460  0.851806  0.910350  0.888224  0.839774  0.868669  0.858566  0.856243  0.828105  0.862020  0.850014  0.878505  0.868543  0.866254  0.838366  0.883833  0.919735  0.893457  0.875677  0.904572  0.894469  0.892149  0.863509  0.881184  0.909283  0.899459  0.897203  0.869273
z  0.000000  0.000000  0.000000  0.000000  0.000000  0.000000  0.000000  0.000000  0.000000  0.000000  0.000000  0.000000  0.000000  0.000000  0.000000  0.000000  0.000000  0.000000  0.000000  0.000000  0.000000  0.000000  0.000000  0.000000  0.000000  0.000000  0.000000  0.000000  0.000000  0.000000  0.000000  0.000000  0.000000

# ================= #
#  COM Coordinates  #
# ================= #
iso001
           x          y          z
O  -0.729021  -0.878242   0.000000
C   0.625224  -0.878242   0.000000
C  -1.055598   0.452109   0.000000
N   1.177926   0.289605   0.000000
C   0.092190   1.167324   0.000000
H   1.107699  -1.839738   0.000000
H  -2.101496   0.694611  -0.000000
H   0.224072   2.234373  -0.000000

======
iso002
           x          y          z
O  -0.737980  -0.865658   0.000000
C   0.616266  -0.865658   0.000000
C  -1.064557   0.464693   0.000000
N   1.168968   0.302189   0.000000
C   0.083232   1.179908   0.000000
H   1.098740  -1.827154   0.000000
H  -2.110454   0.707195  -0.000000
H   0.215113   2.246957  -0.000000

======
iso003
           x          y          z
O  -0.730342  -0.894969   0.000000
C   0.623903  -0.894969   0.000000
C  -1.056919   0.435383   0.000000
N   1.176606   0.272879   0.000000
C   0.090869   1.150598   0.000000
H   1.106378  -1.856464   0.000000
H  -2.102817   0.677885  -0.000000
H   0.222751   2.217647  -0.000000

======
iso004
           x          y          z
O  -0.713896  -0.884720   0.000000
C   0.640349  -0.884720   0.000000
C  -1.040473   0.445631   0.000000
N   1.193052   0.283127   0.000000
C   0.107315   1.160846   0.000000
H   1.122824  -1.846216   0.000000
H  -2.086371   0.688133  -0.000000
H   0.239197   2.227895  -0.000000

======
iso005
           x          y          z
O  -0.745795  -0.882366   0.000000
C   0.608451  -0.882366   0.000000
C  -1.072372   0.447985   0.000000
N   1.161153   0.285481   0.000000
C   0.075417   1.163201   0.000000
H   1.090926  -1.843862   0.000000
H  -2.118269   0.690487  -0.000000
H   0.207299   2.230249  -0.000000

======
iso006
           x          y          z
O  -0.708450  -0.853460   0.000000
C   0.645796  -0.853460   0.000000
C  -1.035026   0.476891   0.000000
N   1.198498   0.314387   0.000000
C   0.112762   1.192107   0.000000
H   1.128271  -1.814955   0.000000
H  -2.080924   0.719393  -0.000000
H   0.244644   2.259156  -0.000000

======
iso007
           x          y          z
O  -0.744939  -0.851806   0.000000
C   0.609307  -0.851806   0.000000
C  -1.071516   0.478545   0.000000
N   1.162009   0.316041   0.000000
C   0.076273   1.193761   0.000000
H   1.091782  -1.813301   0.000000
H  -2.117413   0.721047  -0.000000
H   0.208154   2.260809  -0.000000

======
iso008
           x          y          z
O  -0.732241  -0.910350   0.000000
C   0.622004  -0.910350   0.000000
C  -1.058818   0.420001   0.000000
N   1.174707   0.257497   0.000000
C   0.088970   1.135217   0.000000
H   1.104479  -1.871845   0.000000
H  -2.104716   0.662503  -0.000000
H   0.220852   2.202266  -0.000000

======
iso009
           x          y          z
O  -0.698824  -0.888224   0.000000
C   0.655422  -0.888224   0.000000
C  -1.025400   0.442127   0.000000
N   1.208124   0.279623   0.000000
C   0.122388   1.157343   0.000000
H   1.137897  -1.849719   0.000000
H  -2.071298   0.684629  -0.000000
H   0.254270   2.224391  -0.000000

======
iso010
           x          y          z
O  -0.753546  -0.839774   0.000000
C   0.600700  -0.839774   0.000000
C  -1.080122   0.490577   0.000000
N   1.153402   0.328073   0.000000
C   0.067666   1.205793   0.000000
H   1.083175  -1.801269   0.000000
H  -2.126020   0.733079  -0.000000
H   0.199548   2.272842  -0.000000

======
iso011
           x          y          z
O  -0.746016  -0.868669   0.000000
C   0.608230  -0.868669   0.000000
C  -1.072593   0.461683   0.000000
N   1.160932   0.299179   0.000000
C   0.075195   1.176898   0.000000
H   1.090704  -1.830164   0.000000
H  -2.118491   0.704185  -0.000000
H   0.207077   2.243947  -0.000000

======
iso012
           x          y          z
O  -0.729803  -0.858566   0.000000
C   0.624443  -0.858566   0.000000
C  -1.056380   0.471785   0.000000
N   1.177145   0.309281   0.000000
C   0.091409   1.187001   0.000000
H   1.106917  -1.820061   0.000000
H  -2.102277   0.714287  -0.000000
H   0.223290   2.254050  -0.000000

======
iso013
           x          y          z
O  -0.761251  -0.856243   0.000000
C   0.592995  -0.856243   0.000000
C  -1.087828   0.474109   0.000000
N   1.145697   0.311605   0.000000
C   0.059961   1.189324   0.000000
H   1.075470  -1.817738   0.000000
H  -2.133725   0.716611  -0.000000
H   0.191842   2.256373  -0.000000

======
iso014
           x          y          z
O  -0.724211  -0.828105   0.000000
C   0.630034  -0.828105   0.000000
C  -1.050788   0.502246   0.000000
N   1.182737   0.339742   0.000000
C   0.097000   1.217462   0.000000
H   1.112509  -1.789600   0.000000
H  -2.096686   0.744748  -0.000000
H   0.228882   2.284510  -0.000000

======
iso015
           x          y          z
O  -0.714943  -0.862020   0.000000
C   0.639303  -0.862020   0.000000
C  -1.041520   0.468331   0.000000
N   1.192005   0.305827   0.000000
C   0.106268   1.183546   0.000000
H   1.121777  -1.823516   0.000000
H  -2.087418   0.710833  -0.000000
H   0.238150   2.250595  -0.000000

======
iso016
           x          y          z
O  -0.723848  -0.850014   0.000000
C   0.630398  -0.850014   0.000000
C  -1.050424   0.480337   0.000000
N   1.183100   0.317833   0.000000
C   0.097364   1.195553   0.000000
H   1.112873  -1.811509   0.000000
H  -2.096322   0.722839  -0.000000
H   0.229246   2.262601  -0.000000

======
iso017
           x          y          z
O  -0.716423  -0.878505   0.000000
C   0.637822  -0.878505   0.000000
C  -1.043000   0.451846   0.000000
N   1.190525   0.289342   0.000000
C   0.104788   1.167062   0.000000
H   1.120297  -1.840001   0.000000
H  -2.088898   0.694348  -0.000000
H   0.236670   2.234110  -0.000000

======
iso018
           x          y          z
O  -0.700437  -0.868543   0.000000
C   0.653809  -0.868543   0.000000
C  -1.027014   0.461808   0.000000
N   1.206511   0.299304   0.000000
C   0.120775   1.177023   0.000000
H   1.136284  -1.830039   0.000000
H  -2.072911   0.704310  -0.000000
H   0.252657   2.244072  -0.000000

======
iso019
           x          y          z
O  -0.731443  -0.866254   0.000000
C   0.622803  -0.866254   0.000000
C  -1.058019   0.464098   0.000000
N   1.175505   0.301593   0.000000
C   0.089769   1.179313   0.000000
H   1.105278  -1.827749   0.000000
H  -2.103917   0.706599  -0.000000
H   0.221651   2.246362  -0.000000

======
iso020
           x          y          z
O  -0.695324  -0.838366   0.000000
C   0.658921  -0.838366   0.000000
C  -1.021901   0.491985   0.000000
N   1.211624   0.329481   0.000000
C   0.125887   1.207201   0.000000
H   1.141396  -1.799861   0.000000
H  -2.067799   0.734487  -0.000000
H   0.257769   2.274250  -0.000000

======
iso021
           x          y          z
O  -0.747888  -0.883833   0.000000
C   0.606358  -0.883833   0.000000
C  -1.074464   0.446518   0.000000
N   1.159060   0.284014   0.000000
C   0.073324   1.161734   0.000000
H   1.088833  -1.845328   0.000000
H  -2.120362   0.689020  -0.000000
H   0.205206   2.228782  -0.000000

======
iso022
           x          y          z
O  -0.702426  -0.919735   0.000000
C   0.651820  -0.919735   0.000000
C  -1.029003   0.410616   0.000000
N   1.204522   0.248112   0.000000
C   0.118786   1.125832   0.000000
H   1.134295  -1.881230   0.000000
H  -2.074900   0.653118  -0.000000
H   0.250668   2.192880  -0.000000

======
iso023
           x          y          z
O  -0.718270  -0.893457   0.000000
C   0.635976  -0.893457   0.000000
C  -1.044847   0.436894   0.000000
N   1.188678   0.274390   0.000000
C   0.102942   1.152110   0.000000
H   1.118451  -1.854953   0.000000
H  -2.090744   0.679396  -0.000000
H   0.234823   2.219158  -0.000000

======
iso024
           x          y          z
O  -0.708082  -0.875677   0.000000
C   0.646164  -0.875677   0.000000
C  -1.034659   0.454674   0.000000
N   1.198866   0.292170   0.000000
C   0.113130   1.169890   0.000000
H   1.128639  -1.837172   0.000000
H  -2.080556   0.697176  -0.000000
H   0.245011   2.236938  -0.000000

======
iso025
           x          y          z
O  -0.700552  -0.904572   0.000000
C   0.653693  -0.904572   0.000000
C  -1.027129   0.425779   0.000000
N   1.206396   0.263275   0.000000
C   0.120659   1.140995   0.000000
H   1.136168  -1.866067   0.000000
H  -2.073027   0.668281  -0.000000
H   0.252541   2.208043  -0.000000

======
iso026
           x          y          z
O  -0.684339  -0.894469   0.000000
C   0.669906  -0.894469   0.000000
C  -1.010916   0.435882   0.000000
N   1.222609   0.273378   0.000000
C   0.136872   1.151098   0.000000
H   1.152381  -1.855964   0.000000
H  -2.056814   0.678384  -0.000000
H   0.268754   2.218146  -0.000000

======
iso027
           x          y          z
O  -0.715783  -0.892149   0.000000
C   0.638463  -0.892149   0.000000
C  -1.042360   0.438202   0.000000
N   1.191165   0.275698   0.000000
C   0.105429   1.153418   0.000000
H   1.120937  -1.853644   0.000000
H  -2.088258   0.680704  -0.000000
H   0.237310   2.220466  -0.000000

======
iso028
           x          y          z
O  -0.679379  -0.863509   0.000000
C   0.674866  -0.863509   0.000000
C  -1.005956   0.466842   0.000000
N   1.227569   0.304338   0.000000
C   0.141832   1.182057   0.000000
H   1.157341  -1.825005   0.000000
H  -2.051854   0.709344  -0.000000
H   0.273714   2.249106  -0.000000

======
iso029
           x          y          z
O  -0.727006  -0.881184   0.000000
C   0.627240  -0.881184   0.000000
C  -1.053583   0.449167   0.000000
N   1.179942   0.286663   0.000000
C   0.094206   1.164382   0.000000
H   1.109715  -1.842680   0.000000
H  -2.099480   0.691669  -0.000000
H   0.226087   2.231431  -0.000000

======
iso030
           x          y          z
O  -0.719684  -0.909283   0.000000
C   0.634562  -0.909283   0.000000
C  -1.046261   0.421068   0.000000
N   1.187264   0.258564   0.000000
C   0.101528   1.136284   0.000000
H   1.117037  -1.870778   0.000000
H  -2.092158   0.663570  -0.000000
H   0.233409   2.203332  -0.000000

======
iso031
           x          y          z
O  -0.703917  -0.899459   0.000000
C   0.650328  -0.899459   0.000000
C  -1.030494   0.430892   0.000000
N   1.203031   0.268388   0.000000
C   0.117294   1.146108   0.000000
H   1.132803  -1.860954   0.000000
H  -2.076392   0.673394  -0.000000
H   0.249176   2.213157  -0.000000

======
iso032
           x          y          z
O  -0.734496  -0.897203   0.000000
C   0.619749  -0.897203   0.000000
C  -1.061073   0.433148   0.000000
N   1.172452   0.270644   0.000000
C   0.086715   1.148364   0.000000
H   1.102224  -1.858698   0.000000
H  -2.106971   0.675650  -0.000000
H   0.218597   2.215412  -0.000000

======
iso033
           x          y          z
O  -0.698828  -0.869273   0.000000
C   0.655418  -0.869273   0.000000
C  -1.025404   0.461078   0.000000
N   1.208120   0.298574   0.000000
C   0.122384   1.176294   0.000000
H   1.137893  -1.830768   0.000000
H  -2.071302   0.703580  -0.000000
H   0.254266   2.243342  -0.000000

# ==================== #
#  COM Inertia Matrix  #
# ==================== #
iso001
              x          y           z
Axis                                  
x     50.500652  -0.972653    0.000000
y     -0.972653  51.832620    0.000000
z      0.000000   0.000000  102.333272

======
iso002
              x          y           z
Axis                                  
x     51.263460  -0.429607    0.000000
y     -0.429607  52.219217    0.000000
z      0.000000   0.000000  103.482677

======
iso003
              x          y           z
Axis                                  
x     51.848279  -1.079083    0.000000
y     -1.079083  51.841026    0.000000
z      0.000000   0.000000  103.689305

======
iso004
              x          y           z
Axis                                  
x     50.702801  -0.500668    0.000000
y     -0.500668  52.934627    0.000000
z      0.000000   0.000000  103.637428

======
iso005
              x          y           z
Axis                                  
x     50.583083  -1.307931    0.000000
y     -1.307931  53.196318    0.000000
z      0.000000   0.000000  103.779401

======
iso006
              x          y           z
Axis                                  
x     52.002922  -2.219675    0.000000
y     -2.219675  52.867763    0.000000
z      0.000000   0.000000  104.870685

======
iso007
              x          y           z
Axis                                  
x     53.857590   1.048546    0.000000
y      1.048546  53.049577    0.000000
z      0.000000   0.000000  106.907166

======
iso008
              x          y           z
Axis                                  
x     55.452220  -1.469216    0.000000
y     -1.469216  51.882417    0.000000
z      0.000000   0.000000  107.334637

======
iso009
              x          y           z
Axis                                  
x     50.979187   0.475123    0.000000
y      0.475123  56.212766    0.000000
z      0.000000   0.000000  107.191953

======
iso010
              x          y           z
Axis                                  
x     54.575314   1.561943    0.000000
y      1.561943  53.416815    0.000000
z      0.000000   0.000000  107.992129

======
iso011
              x          y           z
Axis                                  
x     55.267238   0.958480    0.000000
y      0.958480  53.055331    0.000000
z      0.000000   0.000000  108.322570

======
iso012
              x          y           z
Axis                                  
x     54.084118   1.555768    0.000000
y      1.555768  54.185302    0.000000
z      0.000000   0.000000  108.269419

======
iso013
              x          y           z
Axis                                  
x     53.955778   0.687533    0.000000
y      0.687533  54.376940    0.000000
z      0.000000   0.000000  108.332717

======
iso014
              x          y           z
Axis                                  
x     55.271354  -0.187847    0.000000
y     -0.187847  54.130853    0.000000
z      0.000000   0.000000  109.402207

======
iso015
              x          y           z
Axis                                  
x     54.373351   2.563120    0.000000
y      2.563120  57.497245    0.000000
z      0.000000   0.000000  111.870596

======
iso016
              x          y           z
Axis                                  
x     55.108538   3.108359    0.000000
y      3.108359  57.901612    0.000000
z      0.000000   0.000000  113.010151

======
iso017
              x          y           z
Axis                                  
x     55.759257   2.438682    0.000000
y      2.438682  57.508418    0.000000
z      0.000000   0.000000  113.267675

======
iso018
              x          y           z
Axis                                  
x     54.590355   3.045716    0.000000
y      3.045716  58.570489    0.000000
z      0.000000   0.000000  113.160844

======
iso019
              x          y           z
Axis                                  
x     54.465313   2.204685    0.000000
y      2.204685  58.894298    0.000000
z      0.000000   0.000000  113.359611

======
iso020
              x          y           z
Axis                                  
x     55.821795   1.361808    0.000000
y      1.361808  58.493590    0.000000
z      0.000000   0.000000  114.315386

======
iso021
              x          y           z
Axis                                  
x     58.928069   0.581703    0.000000
y      0.581703  53.092559    0.000000
z      0.000000   0.000000  112.020629

======
iso022
              x          y           z
Axis                                  
x     55.887629  -0.085960    0.000000
y     -0.085960  56.276903    0.000000
z      0.000000   0.000000  112.164532

======
iso023
              x          y           z
Axis                                  
x     59.399125   2.031310    0.000000
y      2.031310  57.553519    0.000000
z      0.000000   0.000000  116.952644

======
iso024
              x          y           z
Axis                                  
x     51.759594   1.050987    0.000000
y      1.050987  56.637697    0.000000
z      0.000000   0.000000  108.397291

======
iso025
              x          y           z
Axis                                  
x     52.304140   0.335011    0.000000
y      0.335011  56.227583    0.000000
z      0.000000   0.000000  108.531723

======
iso026
              x          y           z
Axis                                  
x     51.172549   0.923576    0.000000
y      0.923576  57.252838    0.000000
z      0.000000   0.000000  108.425387

======
iso027
              x          y           z
Axis                                  
x     51.056050   0.143033    0.000000
y      0.143033  57.647574    0.000000
z      0.000000   0.000000  108.703625

======
iso028
              x          y           z
Axis                                  
x     52.516423  -0.734320    0.000000
y     -0.734320  57.164314    0.000000
z      0.000000   0.000000  109.680737

======
iso029
              x          y           z
Axis                                  
x     60.189067   2.593603    0.000000
y      2.593603  57.953767    0.000000
z      0.000000   0.000000  118.142834

======
iso030
              x          y           z
Axis                                  
x     60.712640   1.913947    0.000000
y      1.913947  57.564006    0.000000
z      0.000000   0.000000  118.276646

======
iso031
              x          y           z
Axis                                  
x     59.588011   2.483037    0.000000
y      2.483037  58.633840    0.000000
z      0.000000   0.000000  118.221851

======
iso032
              x          y           z
Axis                                  
x     59.473167   1.710556    0.000000
y      1.710556  58.943054    0.000000
z      0.000000   0.000000  118.416221

======
iso033
              x          y           z
Axis                                  
x     60.955739   0.779915    0.000000
y      0.779915  58.559543    0.000000
z      0.000000   0.000000  119.515282

# ============================ #
#  Eigenvectors & Eigenvalues  #
# ============================ #
iso001

Eigenvectors
              1          2          3
Axis                                 
x     -0.884580  -0.466388  -0.000000
y     -0.466388   0.884580  -0.000000
z     -0.000000   0.000000  -1.000000

Eigenvalues
49.987828   52.345444   102.333272

======
iso002

Eigenvectors
              1          2          3
Axis                                 
x     -0.933721  -0.358002  -0.000000
y     -0.358002   0.933721  -0.000000
z     -0.000000   0.000000  -1.000000

Eigenvalues
51.098743   52.383935   103.482677

======
iso003

Eigenvectors
              1          2          3
Axis                                 
x     -0.705917  -0.708294  -0.000000
y     -0.708294   0.705917  -0.000000
z     -0.000000   0.000000  -1.000000

Eigenvalues
50.765563   52.923741   103.689305

======
iso004

Eigenvectors
              1          2          3
Axis                                 
x     -0.977849  -0.209311  -0.000000
y     -0.209311   0.977849  -0.000000
z     -0.000000   0.000000  -1.000000

Eigenvalues
50.595632   53.041796   103.637428

======
iso005

Eigenvectors
              1          2          3
Axis                                 
x     -0.923783  -0.382916  -0.000000
y     -0.382916   0.923783  -0.000000
z     -0.000000   0.000000  -1.000000

Eigenvalues
50.040935   53.738466   103.779401

======
iso006

Eigenvectors
              1          2          3
Axis                                 
x     -0.771757  -0.635918  -0.000000
y     -0.635918   0.771757  -0.000000
z     -0.000000   0.000000  -1.000000

Eigenvalues
50.173939   54.696746   104.870685

======
iso007

Eigenvectors
              1          2          3
Axis                                 
x      0.565890  -0.824481  -0.000000
y     -0.824481  -0.565890  -0.000000
z      0.000000  -0.000000  -1.000000

Eigenvalues
52.329897   54.577270   106.907166

======
iso008

Eigenvectors
              1          2          3
Axis                                 
x     -0.337580  -0.941297  -0.000000
y     -0.941297   0.337580  -0.000000
z     -0.000000   0.000000  -1.000000

Eigenvalues
51.355508   55.979129   107.334637

======
iso009

Eigenvectors
              1         2          3
Axis                                
x     -0.995970  0.089685  -0.000000
y      0.089685  0.995970  -0.000000
z      0.000000  0.000000  -1.000000

Eigenvalues
50.936404   56.255550   107.191953

======
iso010

Eigenvectors
              1          2          3
Axis                                 
x      0.571091  -0.820887  -0.000000
y     -0.820887  -0.571091  -0.000000
z      0.000000  -0.000000  -1.000000

Eigenvalues
52.330173   55.661956   107.992129

======
iso011

Eigenvectors
              1          2          3
Axis                                 
x      0.349504  -0.936935  -0.000000
y     -0.936935  -0.349504  -0.000000
z      0.000000  -0.000000  -1.000000

Eigenvalues
52.697790   55.624780   108.322570

======
iso012

Eigenvectors
              1         2          3
Axis                                
x     -0.718506  0.695521  -0.000000
y      0.695521  0.718506  -0.000000
z      0.000000  0.000000  -1.000000

Eigenvalues
52.578120   55.691300   108.269419

======
iso013

Eigenvectors
              1         2          3
Axis                                
x     -0.804008  0.594619  -0.000000
y      0.594619  0.804008  -0.000000
z      0.000000  0.000000  -1.000000

Eigenvalues
53.447300   54.885417   108.332717

======
iso014

Eigenvectors
              1          2          3
Axis                                 
x     -0.158438  -0.987369  -0.000000
y     -0.987369   0.158438  -0.000000
z     -0.000000   0.000000  -1.000000

Eigenvalues
54.100710   55.301497   109.402207

======
iso015

Eigenvectors
              1         2          3
Axis                                
x     -0.871889  0.489703  -0.000000
y      0.489703  0.871889  -0.000000
z      0.000000  0.000000  -1.000000

Eigenvalues
52.933754   58.936841   111.870596

======
iso016

Eigenvectors
              1         2          3
Axis                                
x     -0.839590  0.543221  -0.000000
y      0.543221  0.839590  -0.000000
z      0.000000  0.000000  -1.000000

Eigenvalues
53.097406   59.912745   113.010151

======
iso017

Eigenvectors
              1         2          3
Axis                                
x     -0.817795  0.575510  -0.000000
y      0.575510  0.817795  -0.000000
z      0.000000  0.000000  -1.000000

Eigenvalues
54.043072   59.224602   113.267675

======
iso018

Eigenvectors
              1         2          3
Axis                                
x     -0.879485  0.475927  -0.000000
y      0.475927  0.879485  -0.000000
z      0.000000  0.000000  -1.000000

Eigenvalues
52.942188   60.218656   113.160844

======
iso019

Eigenvectors
              1         2          3
Axis                                
x     -0.924304  0.381658  -0.000000
y      0.381658  0.924304  -0.000000
z      0.000000  0.000000  -1.000000

Eigenvalues
53.554967   59.804644   113.359611

======
iso020

Eigenvectors
              1         2          3
Axis                                
x     -0.922031  0.387116  -0.000000
y      0.387116  0.922031  -0.000000
z      0.000000  0.000000  -1.000000

Eigenvalues
55.250039   59.065347   114.315386

======
iso021

Eigenvectors
              1          2          3
Axis                                 
x      0.098235  -0.995163  -0.000000
y     -0.995163  -0.098235  -0.000000
z      0.000000  -0.000000  -1.000000

Eigenvalues
53.035138   58.985490   112.020629

======
iso022

Eigenvectors
              1          2          3
Axis                                 
x     -0.978458  -0.206445  -0.000000
y     -0.206445   0.978458  -0.000000
z     -0.000000   0.000000  -1.000000

Eigenvalues
55.869492   56.295040   112.164532

======
iso023

Eigenvectors
              1          2          3
Axis                                 
x      0.541475  -0.840717  -0.000000
y     -0.840717  -0.541475  -0.000000
z      0.000000  -0.000000  -1.000000

Eigenvalues
56.245227   60.707418   116.952644

======
iso024

Eigenvectors
              1         2          3
Axis                                
x     -0.979380  0.202028  -0.000000
y      0.202028  0.979380  -0.000000
z      0.000000  0.000000  -1.000000

Eigenvalues
51.542794   56.854497   108.397291

======
iso025

Eigenvectors
              1         2          3
Axis                                
x     -0.996426  0.084470  -0.000000
y      0.084470  0.996426  -0.000000
z      0.000000  0.000000  -1.000000

Eigenvalues
52.275740   56.255983   108.531723

======
iso026

Eigenvectors
              1         2          3
Axis                                
x     -0.989146  0.146933  -0.000000
y      0.146933  0.989146  -0.000000
z      0.000000  0.000000  -1.000000

Eigenvalues
51.035357   57.390030   108.425387

======
iso027

Eigenvectors
              1         2          3
Axis                                
x     -0.999765  0.021684  -0.000000
y      0.021684  0.999765  -0.000000
z      0.000000  0.000000  -1.000000

Eigenvalues
51.052948   57.650677   108.703625

======
iso028

Eigenvectors
              1          2          3
Axis                                 
x     -0.988314  -0.152429  -0.000000
y     -0.152429   0.988314  -0.000000
z     -0.000000   0.000000  -1.000000

Eigenvalues
52.403167   57.277570   109.680737

======
iso029

Eigenvectors
              1          2          3
Axis                                 
x      0.549661  -0.835388  -0.000000
y     -0.835388  -0.549661  -0.000000
z      0.000000  -0.000000  -1.000000

Eigenvalues
56.247251   61.895583   118.142834

======
iso030

Eigenvectors
              1          2          3
Axis                                 
x      0.427050  -0.904228  -0.000000
y     -0.904228  -0.427050  -0.000000
z      0.000000  -0.000000  -1.000000

Eigenvalues
56.660084   61.616562   118.276646

======
iso031

Eigenvectors
              1          2          3
Axis                                 
x      0.636912  -0.770937  -0.000000
y     -0.770937  -0.636912  -0.000000
z      0.000000  -0.000000  -1.000000

Eigenvalues
56.582470   61.639380   118.221851

======
iso032

Eigenvectors
              1          2          3
Axis                                 
x      0.650720  -0.759317  -0.000000
y     -0.759317  -0.650720  -0.000000
z      0.000000  -0.000000  -1.000000

Eigenvalues
57.477141   60.939080   118.416221

======
iso033

Eigenvectors
              1          2          3
Axis                                 
x      0.284539  -0.958665  -0.000000
y     -0.958665  -0.284539  -0.000000
z      0.000000  -0.000000  -1.000000

Eigenvalues
58.328059   61.187223   119.515282

# =============================== #
#  Principal Axes Inertia Matrix  #
# =============================== #
(All entries should be diagonal)

iso001
              a          b           c
Axis                                  
a     49.987828  -0.000000    0.000000
b     -0.000000  52.345444    0.000000
c      0.000000   0.000000  102.333272

======
iso002
              a          b           c
Axis                                  
a     51.098743  -0.000000    0.000000
b      0.000000  52.383935    0.000000
c      0.000000   0.000000  103.482677

======
iso003
              a          b           c
Axis                                  
a     50.765563   0.000000    0.000000
b      0.000000  52.923741    0.000000
c      0.000000   0.000000  103.689305

======
iso004
              a          b           c
Axis                                  
a     50.595632   0.000000    0.000000
b      0.000000  53.041796    0.000000
c      0.000000   0.000000  103.637428

======
iso005
              a          b           c
Axis                                  
a     50.040935   0.000000    0.000000
b      0.000000  53.738466    0.000000
c      0.000000   0.000000  103.779401

======
iso006
              a          b           c
Axis                                  
a     50.173939  -0.000000    0.000000
b     -0.000000  54.696746    0.000000
c      0.000000   0.000000  104.870685

======
iso007
              a          b           c
Axis                                  
a     52.329897  -0.000000    0.000000
b     -0.000000  54.577270    0.000000
c      0.000000   0.000000  106.907166

======
iso008
              a          b           c
Axis                                  
a     51.355508   0.000000    0.000000
b      0.000000  55.979129    0.000000
c      0.000000   0.000000  107.334637

======
iso009
              a          b           c
Axis                                  
a     50.936404  -0.000000    0.000000
b     -0.000000  56.255550    0.000000
c      0.000000   0.000000  107.191953

======
iso010
              a          b           c
Axis                                  
a     52.330173   0.000000    0.000000
b      0.000000  55.661956    0.000000
c      0.000000   0.000000  107.992129

======
iso011
              a          b           c
Axis                                  
a     52.697790   0.000000    0.000000
b     -0.000000  55.624780    0.000000
c      0.000000   0.000000  108.322570

======
iso012
              a          b           c
Axis                                  
a     52.578120   0.000000    0.000000
b      0.000000  55.691300    0.000000
c      0.000000   0.000000  108.269419

======
iso013
              a          b           c
Axis                                  
a     53.447300   0.000000    0.000000
b      0.000000  54.885417    0.000000
c      0.000000   0.000000  108.332717

======
iso014
              a          b           c
Axis                                  
a     54.100710   0.000000    0.000000
b      0.000000  55.301497    0.000000
c      0.000000   0.000000  109.402207

======
iso015
              a          b           c
Axis                                  
a     52.933754   0.000000    0.000000
b      0.000000  58.936841    0.000000
c      0.000000   0.000000  111.870596

======
iso016
              a          b           c
Axis                                  
a     53.097406  -0.000000    0.000000
b     -0.000000  59.912745    0.000000
c      0.000000   0.000000  113.010151

======
iso017
              a          b           c
Axis                                  
a     54.043072  -0.000000    0.000000
b     -0.000000  59.224602    0.000000
c      0.000000   0.000000  113.267675

======
iso018
              a          b           c
Axis                                  
a     52.942188   0.000000    0.000000
b     -0.000000  60.218656    0.000000
c      0.000000   0.000000  113.160844

======
iso019
              a          b           c
Axis                                  
a     53.554967  -0.000000    0.000000
b     -0.000000  59.804644    0.000000
c      0.000000   0.000000  113.359611

======
iso020
              a          b           c
Axis                                  
a     55.250039  -0.000000    0.000000
b      0.000000  59.065347    0.000000
c      0.000000   0.000000  114.315386

======
iso021
              a          b           c
Axis                                  
a     53.035138  -0.000000    0.000000
b     -0.000000  58.985490    0.000000
c      0.000000   0.000000  112.020629

======
iso022
              a          b           c
Axis                                  
a     55.869492  -0.000000    0.000000
b     -0.000000  56.295040    0.000000
c      0.000000   0.000000  112.164532

======
iso023
              a          b           c
Axis                                  
a     56.245227   0.000000    0.000000
b      0.000000  60.707418    0.000000
c      0.000000   0.000000  116.952644

======
iso024
              a          b           c
Axis                                  
a     51.542794   0.000000    0.000000
b      0.000000  56.854497    0.000000
c      0.000000   0.000000  108.397291

======
iso025
              a          b           c
Axis                                  
a     52.275740   0.000000    0.000000
b      0.000000  56.255983    0.000000
c      0.000000   0.000000  108.531723

======
iso026
              a          b           c
Axis                                  
a     51.035357  -0.000000    0.000000
b     -0.000000  57.390030    0.000000
c      0.000000   0.000000  108.425387

======
iso027
              a          b           c
Axis                                  
a     51.052948   0.000000    0.000000
